0 3e-06
1 3e-06
2 1e-06
3 1e-06
4 1e-06
5 1e-06
6 1e-06
7 1e-06
8 1e-06
9 1e-06
10 1e-06
11 1e-06
12 1e-06
13 1e-06
14 1e-06
15 2e-06
16 2e-06
17 1e-06
18 1e-06
19 1e-06
20 2e-06
21 1e-06
22 2e-06
23 2e-06
24 1e-06
25 1e-06
26 1e-06
27 1e-06
28 1e-06
29 1e-06
30 2e-06
31 2e-06
32 2e-06
33 2e-06
34 2e-06
35 3e-06
36 2e-06
37 2e-06
38 2e-06
39 2e-06
40 2e-06
41 2e-06
42 2e-06
43 1e-05
44 2e-06
45 2e-06
46 2e-06
47 2e-06
48 2e-06
49 2e-06
50 2e-06
51 3e-06
52 2e-06
53 2e-06
54 2e-06
55 3e-06
56 2e-06
57 2e-06
58 3e-06
59 3e-06
60 2e-06
61 2e-06
62 2e-06
63 2e-06
64 2e-06
65 2e-06
66 2e-06
67 3e-06
68 2e-06
69 2e-06
70 2e-06
71 3e-06
72 2e-06
73 2e-06
74 2e-06
75 3e-06
76 2e-06
77 2e-06
78 3e-06
79 2e-06
80 2e-06
81 3e-06
82 2e-06
83 4e-06
84 2e-06
85 2e-06
86 2e-06
87 2e-06
88 2e-06
89 2e-06
90 2e-06
91 2e-06
92 2e-06
93 1e-06
94 1e-06
95 2e-06
96 2e-06
97 1e-06
98 2e-06
99 2e-06
100 4e-06
101 3e-06
102 2e-06
103 3e-06
104 2e-06
105 2e-06
106 3e-06
107 3e-06
108 3e-06
109 2e-06
110 4e-06
111 4e-06
112 2e-06
113 3e-06
114 3e-06
115 4e-06
116 4e-06
117 2e-06
118 2e-06
119 6e-06
120 2e-06
121 2e-06
122 2e-06
123 3e-06
124 2e-06
125 2e-06
126 3e-06
127 2e-06
128 2e-06
129 3e-06
130 3e-06
131 2e-06
132 3e-06
133 2e-06
134 2e-06
135 2e-06
136 3e-06
137 2e-06
138 2e-06
139 2e-06
140 2e-06
141 2e-06
142 3e-06
143 5e-06
144 2e-06
145 3e-06
146 3e-06
147 3e-06
148 2e-06
149 3e-06
150 3e-06
151 2e-06
152 2e-06
153 3e-06
154 2e-06
155 3e-06
156 2e-06
157 3e-06
158 2e-06
159 3e-06
160 2e-06
161 3e-06
162 2e-06
163 3e-06
164 3e-06
165 3e-06
166 2e-06
167 3e-06
168 3e-06
169 2e-06
170 2e-06
171 1.1e-05
172 3e-06
173 3e-06
174 3e-06
175 3e-06
176 3e-06
177 3e-06
178 2e-06
179 5e-06
180 4e-06
181 3e-06
182 3e-06
183 3e-06
184 3e-06
185 3e-06
186 3e-06
187 3e-06
188 3e-06
189 3e-06
190 3e-06
191 3e-06
192 3e-06
193 2e-06
194 3e-06
195 3e-06
196 3e-06
197 3e-06
198 3e-06
199 3e-06
200 3e-06
201 3e-06
202 4e-06
203 5e-06
204 3e-06
205 4e-06
206 3e-06
207 3e-06
208 3e-06
209 3e-06
210 3e-06
211 3e-06
212 4e-06
213 3e-06
214 3e-06
215 3e-06
216 3e-06
217 3e-06
218 3e-06
219 5e-06
220 4e-06
221 3e-06
222 3e-06
223 3e-06
224 4e-06
225 4e-06
226 4e-06
227 3e-06
228 3e-06
229 3e-06
230 3e-06
231 4e-06
232 3e-06
233 3e-06
234 3e-06
235 3e-06
236 3e-06
237 4e-06
238 4e-06
239 1.4e-05
240 3e-06
241 4e-06
242 6e-06
243 5e-06
244 6e-06
245 5e-06
246 5e-06
247 8e-06
248 8e-06
249 6e-06
250 6e-06
251 9e-06
252 9e-06
253 7e-06
254 6e-06
255 4.2e-05
256 8e-06
257 1e-05
258 6e-06
259 7e-06
260 6e-06
261 1.1e-05
262 1e-05
263 9e-06
264 6e-06
265 7e-06
266 5e-06
267 7e-06
268 5e-06
269 5e-06
270 4e-06
271 4e-06
272 4e-06
273 4e-06
274 5e-06
275 4e-06
276 5e-06
277 5e-06
278 5e-06
279 4e-06
280 4e-06
281 4e-06
282 5e-06
283 6e-06
284 4e-06
285 4e-06
286 4e-06
287 4e-06
288 7e-06
289 6e-06
290 7e-06
291 6e-06
292 6e-06
293 6e-06
294 6e-06
295 6e-06
296 6e-06
297 6e-06
298 7e-06
299 7e-06
300 6e-06
301 6e-06
302 7e-06
303 1.4e-05
304 7e-06
305 6e-06
306 6e-06
307 7e-06
308 7e-06
309 6e-06
310 7e-06
311 6e-06
312 6e-06
313 7e-06
314 7e-06
315 7e-06
316 7e-06
317 8e-06
318 7e-06
319 6e-06
320 7e-06
321 6e-06
322 7e-06
323 8e-06
324 8e-06
325 7e-06
326 5e-06
327 5e-06
328 5e-06
329 5e-06
330 4e-06
331 5e-06
332 5e-06
333 5e-06
334 5e-06
335 4e-06
336 5e-06
337 6e-06
338 5e-06
339 5e-06
340 5e-06
341 5e-06
342 5e-06
343 5e-06
344 5e-06
345 7e-06
346 6e-06
347 5e-06
348 4e-06
349 5e-06
350 4e-06
351 5e-06
352 5e-06
353 5e-06
354 5e-06
355 5e-06
356 5e-06
357 4e-06
358 5e-06
359 1.2e-05
360 8e-06
361 5e-06
362 5e-06
363 5e-06
364 5e-06
365 5e-06
366 5e-06
367 5e-06
368 5e-06
369 5e-06
370 4e-06
371 5e-06
372 5e-06
373 5e-06
374 5e-06
375 5e-06
376 5e-06
377 5e-06
378 5e-06
379 5e-06
380 5e-06
381 5e-06
382 5e-06
383 5e-06
384 5e-06
385 6e-06
386 5e-06
387 5e-06
388 5e-06
389 5e-06
390 5e-06
391 5e-06
392 5e-06
393 6e-06
394 5e-06
395 6e-06
396 5e-06
397 5e-06
398 5e-06
399 5e-06
400 5e-06
401 5e-06
402 5e-06
403 5e-06
404 5e-06
405 5e-06
406 5e-06
407 6e-06
408 6e-06
409 6e-06
410 6e-06
411 6e-06
412 5e-06
413 5e-06
414 6e-06
415 6e-06
416 6e-06
417 6e-06
418 6e-06
419 6e-06
420 6e-06
421 6e-06
422 5e-06
423 6e-06
424 6e-06
425 6e-06
426 5e-06
427 6e-06
428 5e-06
429 5e-06
430 5e-06
431 5e-06
432 6e-06
433 5e-06
434 6e-06
435 7e-06
436 1.3e-05
437 9e-06
438 1.1e-05
439 1.2e-05
440 1.3e-05
441 1e-05
442 1e-05
443 1.2e-05
444 1e-05
445 7e-06
446 9e-06
447 7e-06
448 5e-06
449 6e-06
450 7e-06
451 1e-05
452 6e-06
453 6e-06
454 6e-06
455 7e-06
456 1e-05
457 1e-05
458 9e-06
459 9e-06
460 9e-06
461 8e-06
462 1e-05
463 9e-06
464 9e-06
465 1e-05
466 9e-06
467 9e-06
468 9e-06
469 1.1e-05
470 1.2e-05
471 1.1e-05
472 1e-05
473 1e-05
474 8e-06
475 1e-05
476 1e-05
477 1e-05
478 1.2e-05
479 1.2e-05
480 1e-05
481 1e-05
482 9e-06
483 9e-06
484 9e-06
485 2.2e-05
486 1.1e-05
487 7e-06
488 7e-06
489 7e-06
490 7e-06
491 7e-06
492 7e-06
493 7e-06
494 6e-06
495 6e-06
496 6e-06
497 6e-06
498 7e-06
499 7e-06
500 6e-06
501 7e-06
502 7e-06
503 6e-06
504 6e-06
505 6e-06
506 7e-06
507 7e-06
508 6e-06
509 7e-06
510 6e-06
511 7e-06
512 7e-06
513 6e-06
514 7e-06
515 1.4e-05
516 6e-06
517 7e-06
518 6e-06
519 6e-06
520 6e-06
521 7e-06
522 7e-06
523 7e-06
524 7e-06
525 6e-06
526 7e-06
527 8e-06
528 7e-06
529 7e-06
530 7e-06
531 1.1e-05
532 7e-06
533 6e-06
534 7e-06
535 7e-06
536 7e-06
537 7e-06
538 7e-06
539 7e-06
540 7e-06
541 7e-06
542 7e-06
543 7e-06
544 7e-06
545 7e-06
546 7e-06
547 7e-06
548 7e-06
549 7e-06
550 7e-06
551 7e-06
552 8e-06
553 7e-06
554 7e-06
555 7e-06
556 7e-06
557 7e-06
558 7e-06
559 7e-06
560 7e-06
561 1e-05
562 9e-06
563 9e-06
564 1.5e-05
565 7e-06
566 7e-06
567 7e-06
568 7e-06
569 7e-06
570 8e-06
571 7e-06
572 7e-06
573 8e-06
574 1.3e-05
575 1.4e-05
576 1.5e-05
577 1.1e-05
578 1.6e-05
579 1.5e-05
580 1.9e-05
581 1.2e-05
582 1.1e-05
583 1.1e-05
584 1.2e-05
585 1.1e-05
586 1.2e-05
587 1.1e-05
588 1e-05
589 1.2e-05
590 1.1e-05
591 1e-05
592 1e-05
593 1.2e-05
594 8e-06
595 7e-06
596 9e-06
597 9e-06
598 9e-06
599 9e-06
600 1e-05
601 8e-06
602 8e-06
603 7e-06
604 8e-06
605 8e-06
606 8e-06
607 8e-06
608 7e-06
609 7e-06
610 8e-06
611 8e-06
612 8e-06
613 9e-06
614 8e-06
615 1.2e-05
616 1.1e-05
617 1e-05
618 1.2e-05
619 1.1e-05
620 1.1e-05
621 1.2e-05
622 1.3e-05
623 1.2e-05
624 1.1e-05
625 1.2e-05
626 1.2e-05
627 1.1e-05
628 1.2e-05
629 1.3e-05
630 1.3e-05
631 8e-06
632 8e-06
633 8e-06
634 8e-06
635 8e-06
636 8e-06
637 8e-06
638 8e-06
639 8e-06
640 8e-06
641 8e-06
642 9e-06
643 8e-06
644 8e-06
645 8e-06
646 9e-06
647 8e-06
648 8e-06
649 8e-06
650 9e-06
651 8e-06
652 8e-06
653 8e-06
654 8e-06
655 9e-06
656 8e-06
657 8e-06
658 8e-06
659 8e-06
660 8e-06
661 8e-06
662 8e-06
663 8e-06
664 8e-06
665 8e-06
666 8e-06
667 9e-06
668 1.4e-05
669 1e-05
670 9e-06
671 8e-06
672 8e-06
673 8e-06
674 8e-06
675 8e-06
676 9e-06
677 8e-06
678 8e-06
679 8e-06
680 8e-06
681 8e-06
682 9e-06
683 8e-06
684 8e-06
685 1.3e-05
686 1e-05
687 1.8e-05
688 1.5e-05
689 1.6e-05
690 1.5e-05
691 1.4e-05
692 1.4e-05
693 1e-05
694 9e-06
695 1.4e-05
696 9e-06
697 1.3e-05
698 1.2e-05
699 2.7e-05
700 1.4e-05
701 1.3e-05
702 1.3e-05
703 1.4e-05
704 1.3e-05
705 1.3e-05
706 1.3e-05
707 1.4e-05
708 1.8e-05
709 1.8e-05
710 1.4e-05
711 1.4e-05
712 1.5e-05
713 1.3e-05
714 1.4e-05
715 1.3e-05
716 1.2e-05
717 1.4e-05
718 1e-05
719 9e-06
720 1e-05
721 9e-06
722 9e-06
723 9e-06
724 1e-05
725 9e-06
726 9e-06
727 9e-06
728 9e-06
729 9e-06
730 1e-05
731 9e-06
732 1e-05
733 1e-05
734 9e-06
735 9e-06
736 1e-05
737 1e-05
738 9e-06
739 9e-06
740 9e-06
741 9e-06
742 9e-06
743 1e-05
744 1e-05
745 1e-05
746 9e-06
747 1e-05
748 1e-05
749 9e-06
750 9e-06
751 9e-06
752 9e-06
753 9e-06
754 1e-05
755 9e-06
756 1e-05
757 9e-06
758 1e-05
759 9e-06
760 1e-05
761 1e-05
762 1e-05
763 9e-06
764 9e-06
765 9e-06
766 9e-06
767 9e-06
768 9e-06
769 1e-05
770 1e-05
771 1e-05
772 1e-05
773 1e-05
774 1e-05
775 9e-06
776 1e-05
777 1e-05
778 1e-05
779 9e-06
780 1e-05
781 1e-05
782 1e-05
783 1.7e-05
784 1.2e-05
785 1.8e-05
786 2.3e-05
787 2.1e-05
788 2.2e-05
789 1.7e-05
790 1.6e-05
791 1.5e-05
792 1.5e-05
793 1.4e-05
794 1.6e-05
795 1.5e-05
796 1.4e-05
797 1.3e-05
798 1.1e-05
799 1e-05
800 1e-05
801 1.1e-05
802 1.1e-05
803 1e-05
804 1.1e-05
805 1e-05
806 1e-05
807 1e-05
808 1e-05
809 1.1e-05
810 1e-05
811 1e-05
812 1e-05
813 1e-05
814 1e-05
815 1.3e-05
816 1.4e-05
817 1.4e-05
818 1.4e-05
819 1.5e-05
820 1.5e-05
821 1.5e-05
822 1.6e-05
823 1.1e-05
824 1e-05
825 1.4e-05
826 1e-05
827 1.1e-05
828 1e-05
829 1e-05
830 1.2e-05
831 1.1e-05
832 1e-05
833 1e-05
834 1e-05
835 1.1e-05
836 1.1e-05
837 1e-05
838 1e-05
839 1.6e-05
840 1.6e-05
841 1.6e-05
842 1.6e-05
843 1.6e-05
844 1.6e-05
845 1.5e-05
846 1.5e-05
847 1.1e-05
848 1.1e-05
849 1e-05
850 1e-05
851 1e-05
852 1.1e-05
853 1e-05
854 1e-05
855 1.1e-05
856 1e-05
857 1e-05
858 1.1e-05
859 1e-05
860 1e-05
861 1.1e-05
862 1.1e-05
863 1.1e-05
864 1.1e-05
865 1e-05
866 1e-05
867 1.8e-05
868 1.9e-05
869 2e-05
870 1.6e-05
871 1.6e-05
872 1.5e-05
873 1.7e-05
874 1.6e-05
875 1.5e-05
876 1.6e-05
877 1.1e-05
878 1.1e-05
879 1.1e-05
880 1.2e-05
881 1.2e-05
882 1.1e-05
883 1.1e-05
884 1.1e-05
885 1.2e-05
886 1.2e-05
887 1.1e-05
888 1.6e-05
889 1.6e-05
890 1.6e-05
891 1.4e-05
892 1.6e-05
893 1.1e-05
894 1.1e-05
895 1.1e-05
896 1.1e-05
897 1.7e-05
898 1.5e-05
899 1.6e-05
900 1.7e-05
901 1.8e-05
902 1.2e-05
903 1.1e-05
904 1.1e-05
905 1.1e-05
906 1.2e-05
907 1.1e-05
908 1.1e-05
909 1.1e-05
910 1.1e-05
911 1.2e-05
912 1.1e-05
913 1.1e-05
914 1.1e-05
915 1.1e-05
916 1.1e-05
917 1.2e-05
918 1.1e-05
919 1.1e-05
920 1.1e-05
921 1.1e-05
922 1.1e-05
923 1.1e-05
924 1.1e-05
925 1.1e-05
926 1.2e-05
927 1.6e-05
928 1.2e-05
929 1.2e-05
930 1.2e-05
931 1.1e-05
932 1.2e-05
933 1.1e-05
934 1.1e-05
935 1.2e-05
936 1.2e-05
937 1.2e-05
938 1.1e-05
939 1.2e-05
940 1.1e-05
941 1.2e-05
942 1.1e-05
943 1.7e-05
944 1.8e-05
945 1.8e-05
946 1.8e-05
947 1.8e-05
948 1.9e-05
949 1.7e-05
950 1.9e-05
951 1.9e-05
952 1.7e-05
953 1.9e-05
954 1.9e-05
955 1.9e-05
956 1.9e-05
957 1.8e-05
958 1.8e-05
959 2.7e-05
960 1.9e-05
961 2e-05
962 1.8e-05
963 2.1e-05
964 2.4e-05
965 2.1e-05
966 2.2e-05
967 1.7e-05
968 1.8e-05
969 1.4e-05
970 1.3e-05
971 1.2e-05
972 1.3e-05
973 1.2e-05
974 1.9e-05
975 1.3e-05
976 1.2e-05
977 1.3e-05
978 2e-05
979 1.2e-05
980 1.8e-05
981 1.8e-05
982 1.3e-05
983 1.2e-05
984 1.2e-05
985 1.2e-05
986 1.2e-05
987 1.2e-05
988 1.2e-05
989 1.2e-05
990 1.3e-05
991 1.2e-05
992 1.2e-05
993 1.2e-05
994 1.2e-05
995 1.2e-05
996 1.2e-05
997 1.1e-05
998 1.2e-05
999 1.2e-05
