0 1e-06
1 2e-06
2 1e-06
3 1e-06
4 1e-06
5 0
6 1e-06
7 1e-06
8 1e-06
9 1e-06
10 1e-06
11 1e-06
12 1e-06
13 1e-06
14 0
15 1e-06
16 1e-06
17 1e-06
18 1e-06
19 1e-06
20 1e-06
21 1e-06
22 1e-06
23 1e-06
24 1e-06
25 1e-06
26 1e-06
27 1e-06
28 1e-06
29 1e-06
30 1e-06
31 2e-06
32 1e-06
33 1e-06
34 1e-06
35 2e-06
36 1e-06
37 1e-06
38 1e-06
39 2e-06
40 1e-06
41 1e-06
42 1e-06
43 4e-06
44 1e-06
45 1e-06
46 2e-06
47 2e-06
48 1e-06
49 1e-06
50 1e-06
51 1e-06
52 2e-06
53 1e-06
54 2e-06
55 2e-06
56 2e-06
57 2e-06
58 1e-06
59 1e-06
60 2e-06
61 1e-06
62 2e-06
63 2e-06
64 1e-06
65 2e-06
66 1e-06
67 2e-06
68 2e-06
69 2e-06
70 1e-06
71 2e-06
72 2e-06
73 2e-06
74 1e-06
75 2e-06
76 2e-06
77 1e-06
78 2e-06
79 1e-06
80 2e-06
81 2e-06
82 1e-06
83 2e-06
84 1e-06
85 1e-06
86 2e-06
87 2e-06
88 2e-06
89 2e-06
90 2e-06
91 2e-06
92 2e-06
93 1e-06
94 2e-06
95 2e-06
96 1e-06
97 2e-06
98 2e-06
99 2e-06
100 2e-06
101 2e-06
102 2e-06
103 2e-06
104 2e-06
105 1e-06
106 2e-06
107 2e-06
108 2e-06
109 2e-06
110 2e-06
111 3e-06
112 2e-06
113 2e-06
114 2e-06
115 2e-06
116 3e-06
117 2e-06
118 2e-06
119 4e-06
120 2e-06
121 2e-06
122 2e-06
123 2e-06
124 2e-06
125 2e-06
126 2e-06
127 2e-06
128 2e-06
129 2e-06
130 2e-06
131 3e-06
132 2e-06
133 2e-06
134 2e-06
135 3e-06
136 2e-06
137 2e-06
138 3e-06
139 3e-06
140 3e-06
141 3e-06
142 2e-06
143 5e-06
144 2e-06
145 3e-06
146 2e-06
147 2e-06
148 2e-06
149 2e-06
150 2e-06
151 3e-06
152 2e-06
153 3e-06
154 2e-06
155 3e-06
156 2e-06
157 2e-06
158 2e-06
159 3e-06
160 3e-06
161 2e-06
162 4e-06
163 4e-06
164 3e-06
165 2e-06
166 3e-06
167 2e-06
168 3e-06
169 2e-06
170 2e-06
171 3e-06
172 3e-06
173 3e-06
174 4e-06
175 2e-06
176 3e-06
177 3e-06
178 3e-06
179 5e-06
180 3e-06
181 3e-06
182 3e-06
183 3e-06
184 2e-06
185 3e-06
186 3e-06
187 3e-06
188 3e-06
189 2e-06
190 3e-06
191 3e-06
192 3e-06
193 3e-06
194 2e-06
195 3e-06
196 3e-06
197 3e-06
198 3e-06
199 3e-06
200 3e-06
201 3e-06
202 3e-06
203 5e-06
204 3e-06
205 3e-06
206 3e-06
207 3e-06
208 3e-06
209 3e-06
210 3e-06
211 3e-06
212 3e-06
213 3e-06
214 3e-06
215 3e-06
216 3e-06
217 4e-06
218 3e-06
219 5e-06
220 3e-06
221 3e-06
222 3e-06
223 3e-06
224 3e-06
225 3e-06
226 4e-06
227 3e-06
228 3e-06
229 4e-06
230 3e-06
231 5e-06
232 5e-06
233 5e-06
234 5e-06
235 5e-06
236 5e-06
237 5e-06
238 5e-06
239 2e-05
240 5e-06
241 5e-06
242 6e-06
243 6e-06
244 6e-06
245 6e-06
246 5e-06
247 5e-06
248 4e-06
249 3e-06
250 4e-06
251 4e-06
252 4e-06
253 4e-06
254 3e-06
255 7e-06
256 4e-06
257 4e-06
258 4e-06
259 4e-06
260 4e-06
261 3e-06
262 4e-06
263 4e-06
264 4e-06
265 4e-06
266 4e-06
267 4e-06
268 4e-06
269 4e-06
270 3e-06
271 4e-06
272 4e-06
273 4e-06
274 4e-06
275 4e-06
276 4e-06
277 4e-06
278 4e-06
279 4e-06
280 4e-06
281 4e-06
282 4e-06
283 4e-06
284 4e-06
285 4e-06
286 5e-06
287 4e-06
288 4e-06
289 4e-06
290 4e-06
291 4e-06
292 5e-06
293 4e-06
294 4e-06
295 4e-06
296 4e-06
297 5e-06
298 5e-06
299 4e-06
300 4e-06
301 5e-06
302 5e-06
303 6e-06
304 4e-06
305 4e-06
306 4e-06
307 5e-06
308 4e-06
309 4e-06
310 5e-06
311 4e-06
312 4e-06
313 5e-06
314 4e-06
315 4e-06
316 6e-06
317 6e-06
318 5e-06
319 4e-06
320 4e-06
321 5e-06
322 5e-06
323 5e-06
324 4e-06
325 5e-06
326 4e-06
327 5e-06
328 4e-06
329 4e-06
330 4e-06
331 4e-06
332 4e-06
333 5e-06
334 5e-06
335 5e-06
336 5e-06
337 5e-06
338 5e-06
339 5e-06
340 4e-06
341 4e-06
342 5e-06
343 4e-06
344 4e-06
345 5e-06
346 4e-06
347 4e-06
348 5e-06
349 5e-06
350 5e-06
351 5e-06
352 5e-06
353 4e-06
354 5e-06
355 5e-06
356 5e-06
357 4e-06
358 4e-06
359 7e-06
360 5e-06
361 4e-06
362 5e-06
363 5e-06
364 5e-06
365 5e-06
366 5e-06
367 5e-06
368 5e-06
369 4e-06
370 5e-06
371 5e-06
372 5e-06
373 5e-06
374 5e-06
375 5e-06
376 5e-06
377 5e-06
378 5e-06
379 5e-06
380 5e-06
381 5e-06
382 5e-06
383 5e-06
384 5e-06
385 5e-06
386 5e-06
387 5e-06
388 5e-06
389 5e-06
390 5e-06
391 6e-06
392 5e-06
393 5e-06
394 5e-06
395 5e-06
396 5e-06
397 5e-06
398 5e-06
399 5e-06
400 5e-06
401 6e-06
402 5e-06
403 5e-06
404 7e-06
405 5e-06
406 6e-06
407 5e-06
408 6e-06
409 6e-06
410 6e-06
411 5e-06
412 6e-06
413 5e-06
414 5e-06
415 6e-06
416 6e-06
417 6e-06
418 6e-06
419 5e-06
420 5e-06
421 6e-06
422 6e-06
423 6e-06
424 6e-06
425 6e-06
426 5e-06
427 5e-06
428 6e-06
429 5e-06
430 6e-06
431 6e-06
432 6e-06
433 6e-06
434 6e-06
435 5e-06
436 5e-06
437 6e-06
438 5e-06
439 6e-06
440 1e-05
441 8e-06
442 9e-06
443 8e-06
444 9e-06
445 9e-06
446 9e-06
447 9e-06
448 9e-06
449 9e-06
450 7e-06
451 6e-06
452 6e-06
453 6e-06
454 6e-06
455 6e-06
456 6e-06
457 6e-06
458 6e-06
459 6e-06
460 6e-06
461 6e-06
462 6e-06
463 6e-06
464 6e-06
465 6e-06
466 6e-06
467 7e-06
468 6e-06
469 6e-06
470 6e-06
471 6e-06
472 6e-06
473 6e-06
474 6e-06
475 6e-06
476 7e-06
477 6e-06
478 6e-06
479 7e-06
480 6e-06
481 6e-06
482 9e-06
483 6e-06
484 6e-06
485 6e-06
486 6e-06
487 6e-06
488 6e-06
489 6e-06
490 6e-06
491 6e-06
492 9e-06
493 6e-06
494 7e-06
495 6e-06
496 6e-06
497 7e-06
498 6e-06
499 6e-06
500 6e-06
501 6e-06
502 6e-06
503 7e-06
504 7e-06
505 6e-06
506 7e-06
507 6e-06
508 7e-06
509 6e-06
510 7e-06
511 7e-06
512 7e-06
513 7e-06
514 7e-06
515 1.2e-05
516 1.6e-05
517 7e-06
518 6e-06
519 6e-06
520 7e-06
521 7e-06
522 7e-06
523 7e-06
524 7e-06
525 7e-06
526 7e-06
527 7e-06
528 7e-06
529 7e-06
530 7e-06
531 7e-06
532 7e-06
533 7e-06
534 7e-06
535 7e-06
536 7e-06
537 7e-06
538 6e-06
539 6e-06
540 7e-06
541 7e-06
542 7e-06
543 7e-06
544 7e-06
545 7e-06
546 7e-06
547 6e-06
548 7e-06
549 7e-06
550 7e-06
551 6e-06
552 7e-06
553 7e-06
554 7e-06
555 7e-06
556 8e-06
557 7e-06
558 7e-06
559 8e-06
560 7e-06
561 8e-06
562 7e-06
563 7e-06
564 8e-06
565 7e-06
566 7e-06
567 7e-06
568 7e-06
569 7e-06
570 7e-06
571 7e-06
572 7e-06
573 8e-06
574 7e-06
575 7e-06
576 7e-06
577 7e-06
578 7e-06
579 8e-06
580 8e-06
581 7e-06
582 8e-06
583 7e-06
584 8e-06
585 8e-06
586 8e-06
587 8e-06
588 1.2e-05
589 8e-06
590 7e-06
591 7e-06
592 7e-06
593 7e-06
594 7e-06
595 1e-05
596 1.2e-05
597 1.2e-05
598 8e-06
599 8e-06
600 7e-06
601 7e-06
602 8e-06
603 8e-06
604 8e-06
605 7e-06
606 8e-06
607 8e-06
608 8e-06
609 8e-06
610 7e-06
611 8e-06
612 8e-06
613 7e-06
614 8e-06
615 8e-06
616 8e-06
617 8e-06
618 8e-06
619 8e-06
620 8e-06
621 8e-06
622 8e-06
623 8e-06
624 7e-06
625 8e-06
626 8e-06
627 8e-06
628 8e-06
629 8e-06
630 8e-06
631 8e-06
632 8e-06
633 8e-06
634 8e-06
635 7e-06
636 8e-06
637 8e-06
638 8e-06
639 8e-06
640 8e-06
641 8e-06
642 8e-06
643 8e-06
644 8e-06
645 8e-06
646 8e-06
647 8e-06
648 8e-06
649 8e-06
650 8e-06
651 8e-06
652 8e-06
653 8e-06
654 9e-06
655 8e-06
656 8e-06
657 8e-06
658 8e-06
659 8e-06
660 8e-06
661 8e-06
662 8e-06
663 8e-06
664 8e-06
665 8e-06
666 8e-06
667 9e-06
668 9e-06
669 9e-06
670 8e-06
671 8e-06
672 8e-06
673 8e-06
674 9e-06
675 9e-06
676 9e-06
677 9e-06
678 8e-06
679 8e-06
680 9e-06
681 8e-06
682 8e-06
683 9e-06
684 8e-06
685 8e-06
686 9e-06
687 9e-06
688 9e-06
689 9e-06
690 9e-06
691 8e-06
692 8e-06
693 9e-06
694 8e-06
695 8e-06
696 9e-06
697 9e-06
698 9e-06
699 8e-06
700 8e-06
701 9e-06
702 9e-06
703 8e-06
704 9e-06
705 9e-06
706 9e-06
707 9e-06
708 9e-06
709 1.3e-05
710 1.3e-05
711 1.2e-05
712 1.4e-05
713 1.4e-05
714 1.3e-05
715 1.3e-05
716 9e-06
717 9e-06
718 9e-06
719 8e-06
720 9e-06
721 9e-06
722 9e-06
723 8e-06
724 9e-06
725 9e-06
726 9e-06
727 9e-06
728 9e-06
729 9e-06
730 9e-06
731 9e-06
732 9e-06
733 9e-06
734 9e-06
735 9e-06
736 9e-06
737 9e-06
738 9e-06
739 9e-06
740 9e-06
741 1e-05
742 9e-06
743 9e-06
744 9e-06
745 9e-06
746 9e-06
747 1e-05
748 1e-05
749 1e-05
750 9e-06
751 9e-06
752 9e-06
753 9e-06
754 9e-06
755 9e-06
756 9e-06
757 9e-06
758 9e-06
759 9e-06
760 9e-06
761 9e-06
762 9e-06
763 1e-05
764 9e-06
765 1e-05
766 9e-06
767 1e-05
768 9e-06
769 9e-06
770 1e-05
771 9e-06
772 9e-06
773 9e-06
774 1e-05
775 1e-05
776 1e-05
777 1e-05
778 1e-05
779 9e-06
780 9e-06
781 1e-05
782 9e-06
783 9e-06
784 1e-05
785 9e-06
786 1e-05
787 1e-05
788 9e-06
789 1e-05
790 9e-06
791 1.1e-05
792 1e-05
793 1e-05
794 9e-06
795 9e-06
796 9e-06
797 9e-06
798 1e-05
799 9e-06
800 9e-06
801 1.4e-05
802 1e-05
803 1e-05
804 1e-05
805 1e-05
806 1e-05
807 1e-05
808 1e-05
809 1e-05
810 1e-05
811 1e-05
812 1.5e-05
813 1.4e-05
814 1.5e-05
815 1.6e-05
816 1.4e-05
817 1.6e-05
818 1e-05
819 1e-05
820 1e-05
821 1e-05
822 1e-05
823 1e-05
824 1.1e-05
825 1e-05
826 1e-05
827 1e-05
828 1e-05
829 1e-05
830 1e-05
831 1e-05
832 1e-05
833 1e-05
834 1e-05
835 1e-05
836 1e-05
837 1e-05
838 1e-05
839 1.1e-05
840 1e-05
841 1e-05
842 1e-05
843 1e-05
844 1.1e-05
845 1.1e-05
846 1e-05
847 1.1e-05
848 1e-05
849 1e-05
850 1e-05
851 1.1e-05
852 1e-05
853 1e-05
854 1e-05
855 1.1e-05
856 1.1e-05
857 1e-05
858 9e-06
859 1e-05
860 1e-05
861 1e-05
862 1.1e-05
863 1e-05
864 1e-05
865 1e-05
866 1e-05
867 1e-05
868 1e-05
869 1e-05
870 1e-05
871 1e-05
872 1.1e-05
873 1e-05
874 1.1e-05
875 1e-05
876 1.1e-05
877 1e-05
878 1e-05
879 1.1e-05
880 1e-05
881 1e-05
882 1.1e-05
883 1.1e-05
884 1.2e-05
885 1.1e-05
886 1.1e-05
887 1.1e-05
888 1.1e-05
889 1.1e-05
890 1.1e-05
891 1e-05
892 1.1e-05
893 1.1e-05
894 1.1e-05
895 1.7e-05
896 1.6e-05
897 1.6e-05
898 1.7e-05
899 1.1e-05
900 1.1e-05
901 1.1e-05
902 1.4e-05
903 1.6e-05
904 1.7e-05
905 1.5e-05
906 1.5e-05
907 1.6e-05
908 1.6e-05
909 1.6e-05
910 1.2e-05
911 1.2e-05
912 1.1e-05
913 1.1e-05
914 1.2e-05
915 1.1e-05
916 1.1e-05
917 1.1e-05
918 1.1e-05
919 1.1e-05
920 1.1e-05
921 1.1e-05
922 1.2e-05
923 1.1e-05
924 1.1e-05
925 1.1e-05
926 1.1e-05
927 1.1e-05
928 1.2e-05
929 1.2e-05
930 1.1e-05
931 1.1e-05
932 1.1e-05
933 1.1e-05
934 1.2e-05
935 1.1e-05
936 1.1e-05
937 1.1e-05
938 1.2e-05
939 1.1e-05
940 1.1e-05
941 1.2e-05
942 1.2e-05
943 1.2e-05
944 1.1e-05
945 1.2e-05
946 1.1e-05
947 1.2e-05
948 1.1e-05
949 1.1e-05
950 1.2e-05
951 1.1e-05
952 2e-05
953 1.2e-05
954 1.2e-05
955 1.1e-05
956 1.2e-05
957 1.3e-05
958 1.9e-05
959 2.4e-05
960 1.8e-05
961 1.2e-05
962 1.1e-05
963 1.2e-05
964 1.2e-05
965 1.4e-05
966 1.1e-05
967 1.2e-05
968 1.2e-05
969 1.2e-05
970 1.2e-05
971 1.2e-05
972 1.2e-05
973 1.1e-05
974 1.2e-05
975 1.2e-05
976 1.2e-05
977 1.1e-05
978 1.2e-05
979 1.2e-05
980 1.8e-05
981 1.8e-05
982 1.8e-05
983 1.8e-05
984 1.7e-05
985 1.8e-05
986 1.8e-05
987 1.9e-05
988 1.3e-05
989 1.2e-05
990 1.7e-05
991 1.2e-05
992 1.2e-05
993 1.2e-05
994 1.2e-05
995 1.3e-05
996 1.2e-05
997 1.8e-05
998 1.2e-05
999 1.2e-05
