0 1e-06
1 0
2 0
3 1e-06
4 1e-06
5 1e-06
6 2e-06
7 2e-06
8 2e-06
9 3e-06
10 3e-06
11 3e-06
12 4e-06
13 4e-06
14 4e-06
15 4e-06
16 4e-06
17 5e-06
18 5e-06
19 8e-06
20 5e-06
21 6e-06
22 6e-06
23 7e-06
24 6e-06
25 7e-06
26 7e-06
27 8e-06
28 8e-06
29 8e-06
30 8e-06
31 9e-06
32 9e-06
33 1e-05
34 1e-05
35 1e-05
36 1e-05
37 1.1e-05
38 1.1e-05
39 1.4e-05
40 1.1e-05
41 1.2e-05
42 1.2e-05
43 1.3e-05
44 1.3e-05
45 1.3e-05
46 1.3e-05
47 1.4e-05
48 1.3e-05
49 1.4e-05
50 1.4e-05
51 1.5e-05
52 1.5e-05
53 1.5e-05
54 1.6e-05
55 1.7e-05
56 1.6e-05
57 1.6e-05
58 1.6e-05
59 1.7e-05
60 1.7e-05
61 2.5e-05
62 1.8e-05
63 1.8e-05
64 1.8e-05
65 1.9e-05
66 1.8e-05
67 1.9e-05
68 1.9e-05
69 2e-05
70 2e-05
71 2.1e-05
72 2.5e-05
73 2.2e-05
74 2.2e-05
75 2.2e-05
76 2.3e-05
77 2.3e-05
78 2.4e-05
79 2.6e-05
80 2.4e-05
81 2.4e-05
82 2.5e-05
83 2.6e-05
84 3.4e-05
85 2.6e-05
86 2.6e-05
87 2.7e-05
88 2.5e-05
89 2.5e-05
90 2.6e-05
91 2.6e-05
92 2.7e-05
93 2.7e-05
94 2.7e-05
95 2.9e-05
96 2.8e-05
97 2.7e-05
98 3e-05
99 2.9e-05
100 2.9e-05
101 2.9e-05
102 3e-05
103 2.9e-05
104 3e-05
105 3e-05
106 3.1e-05
107 3.1e-05
108 4e-05
109 3.2e-05
110 3.2e-05
111 3.4e-05
112 3.2e-05
113 3.3e-05
114 3.3e-05
115 3.4e-05
116 3.4e-05
117 5.2e-05
118 3.4e-05
119 3.5e-05
120 3.5e-05
121 3.6e-05
122 3.6e-05
123 3.8e-05
124 3.9e-05
125 3.9e-05
126 3.9e-05
127 4e-05
128 4e-05
129 4.1e-05
130 3.8e-05
131 3.9e-05
132 4e-05
133 3.9e-05
134 4e-05
135 4e-05
136 4.1e-05
137 4.1e-05
138 4.1e-05
139 4.1e-05
140 5.6e-05
141 4.2e-05
142 4.3e-05
143 4.5e-05
144 4.3e-05
145 4.4e-05
146 4.3e-05
147 4.4e-05
148 4.5e-05
149 4.6e-05
150 4.6e-05
151 4.5e-05
152 4.5e-05
153 4.6e-05
154 4.6e-05
155 4.9e-05
156 5.9e-05
157 4.7e-05
158 4.8e-05
159 4.8e-05
160 4.7e-05
161 4.8e-05
162 4.9e-05
163 4.9e-05
164 5.3e-05
165 6.5e-05
166 5.3e-05
167 8.1e-05
168 7.9e-05
169 6.2e-05
170 7.3e-05
171 5.3e-05
172 6.2e-05
173 5.3e-05
174 5.3e-05
175 5.3e-05
176 5.4e-05
177 5.4e-05
178 5.4e-05
179 5.4e-05
180 5.6e-05
181 5.6e-05
182 5.6e-05
183 6e-05
184 5.6e-05
185 6.1e-05
186 7e-05
187 6.5e-05
188 6.2e-05
189 5.8e-05
190 5.8e-05
191 6.5e-05
192 5.9e-05
193 5.9e-05
194 8.9e-05
195 6e-05
196 6.1e-05
197 6e-05
198 6.1e-05
199 6.2e-05
200 6.2e-05
201 6.2e-05
202 6.3e-05
203 6.7e-05
204 6.3e-05
205 6.3e-05
206 6.5e-05
207 6.4e-05
208 6.4e-05
209 6.4e-05
210 6.5e-05
211 6.9e-05
212 0.000109
213 6.7e-05
214 6.6e-05
215 6.7e-05
216 6.7e-05
217 6.8e-05
218 6.8e-05
219 6.9e-05
220 6.9e-05
221 7e-05
222 7e-05
223 7.1e-05
224 0.000117
225 9.3e-05
226 7.6e-05
227 0.000127
228 0.000116
229 0.000112
230 0.000115
231 0.000125
232 7.8e-05
233 7.9e-05
234 8e-05
235 8e-05
236 8e-05
237 8e-05
238 0.000117
239 8.1e-05
240 8.2e-05
241 0.000118
242 0.000125
243 0.000127
244 0.000137
245 0.00012
246 0.000121
247 0.000122
248 8.3e-05
249 8.4e-05
250 8.4e-05
251 8e-05
252 7.9e-05
253 8e-05
254 0.000119
255 0.000111
256 8e-05
257 8.1e-05
258 0.000114
259 8.6e-05
260 8.8e-05
261 8.8e-05
262 8.8e-05
263 8.8e-05
264 8.9e-05
265 8.9e-05
266 9e-05
267 9e-05
268 9e-05
269 0.000105
270 9.2e-05
271 9.1e-05
272 9.2e-05
273 9.2e-05
274 9.2e-05
275 9.3e-05
276 9.4e-05
277 9.4e-05
278 9.5e-05
279 9.5e-05
280 9.5e-05
281 9.6e-05
282 9.6e-05
283 0.000126
284 9.7e-05
285 0.000135
286 0.000106
287 9.8e-05
288 9.8e-05
289 0.0001
290 0.0001
291 0.0001
292 0.000101
293 0.000108
294 0.0001
295 0.000101
296 0.000101
297 0.000101
298 0.000103
299 0.000102
300 0.000103
301 0.000115
302 0.000104
303 0.000104
304 0.000104
305 0.000105
306 0.000105
307 0.000105
308 0.000107
309 0.000107
310 0.000114
311 0.000114
312 0.000114
313 0.000116
314 0.000117
315 0.000117
316 0.000127
317 0.000109
318 0.00011
319 0.00011
320 0.000111
321 0.00011
322 0.000111
323 0.000115
324 0.000112
325 0.000113
326 0.000113
327 0.000114
328 0.000114
329 0.000114
330 0.000115
331 0.000116
332 0.000116
333 0.000117
334 0.000117
335 0.000117
336 0.000118
337 0.000118
338 0.000118
339 0.000119
340 0.00012
341 0.00012
342 0.00012
343 0.000133
344 0.000121
345 0.000121
346 0.000121
347 0.000123
348 0.000122
349 0.000123
350 0.000123
351 0.000124
352 0.000125
353 0.000124
354 0.000125
355 0.000125
356 0.000126
357 0.000125
358 0.000126
359 0.000127
360 0.000127
361 0.000128
362 0.000128
363 0.000129
364 0.000129
365 0.000129
366 0.000129
367 0.00013
368 0.00013
369 0.000131
370 0.00013
371 0.000131
372 0.000133
373 0.000132
374 0.000134
375 0.000133
376 0.000134
377 0.000134
378 0.000134
379 0.000134
380 0.000134
381 0.000135
382 0.000135
383 0.000136
384 0.000137
385 0.000137
386 0.000137
387 0.000138
388 0.000139
389 0.000139
390 0.000139
391 0.00014
392 0.00014
393 0.00014
394 0.000141
395 0.000141
396 0.000142
397 0.000141
398 0.000142
399 0.000143
400 0.000143
401 0.000143
402 0.000144
403 0.000144
404 0.000145
405 0.000145
406 0.000145
407 0.000146
408 0.000146
409 0.000147
410 0.000147
411 0.000148
412 0.000148
413 0.000148
414 0.000149
415 0.000149
416 0.00015
417 0.00015
418 0.00015
419 0.000151
420 0.000151
421 0.000152
422 0.000153
423 0.000153
424 0.000153
425 0.000153
426 0.000154
427 0.000155
428 0.000155
429 0.000154
430 0.000155
431 0.000156
432 0.000202
433 0.000157
434 0.000157
435 0.000158
436 0.000158
437 0.000159
438 0.00016
439 0.000159
440 0.000173
441 0.000161
442 0.000161
443 0.000162
444 0.000162
445 0.000162
446 0.000162
447 0.000163
448 0.000276
449 0.000182
450 0.000279
451 0.000175
452 0.000175
453 0.000319
454 0.000203
455 0.000177
456 0.000167
457 0.000166
458 0.000189
459 0.000194
460 0.000209
461 0.000221
462 0.000211
463 0.000169
464 0.00017
465 0.00017
466 0.000178
467 0.000171
468 0.000171
469 0.000185
470 0.000173
471 0.000173
472 0.000213
473 0.000232
474 0.000175
475 0.000175
476 0.000175
477 0.000175
478 0.000176
479 0.000177
480 0.000185
481 0.000255
482 0.000178
483 0.000177
484 0.000179
485 0.000179
486 0.000205
487 0.000191
488 0.000191
489 0.00018
490 0.000181
491 0.000208
492 0.000227
493 0.000194
494 0.000182
495 0.000272
496 0.000185
497 0.000209
498 0.000183
499 0.000204
500 0.000186
501 0.000185
502 0.000186
503 0.000212
504 0.000202
505 0.000188
506 0.000188
507 0.000188
508 0.000188
509 0.000189
510 0.000189
511 0.00026
512 0.000189
513 0.000268
514 0.000194
515 0.000198
516 0.000198
517 0.00027
518 0.000199
519 0.000206
520 0.000346
521 0.00036
522 0.000294
523 0.000271
524 0.000213
525 0.000203
526 0.000215
527 0.000203
528 0.000215
529 0.000227
530 0.000216
531 0.000225
532 0.000231
533 0.000232
534 0.000206
535 0.000218
536 0.000207
537 0.000207
538 0.00022
539 0.000209
540 0.000208
541 0.000222
542 0.00021
543 0.000209
544 0.000209
545 0.000224
546 0.000225
547 0.000225
548 0.000213
549 0.000213
550 0.000252
551 0.000293
552 0.000213
553 0.000225
554 0.000215
555 0.000216
556 0.000216
557 0.000216
558 0.000244
559 0.000262
560 0.000231
561 0.000219
562 0.000219
563 0.000219
564 0.00022
565 0.000248
566 0.000347
567 0.000242
568 0.000222
569 0.000223
570 0.000223
571 0.000224
572 0.000224
573 0.000253
574 0.000225
575 0.000226
576 0.000265
577 0.000227
578 0.000227
579 0.000258
580 0.000236
581 0.000229
582 0.000255
583 0.000229
584 0.000243
585 0.00023
586 0.000231
587 0.000231
588 0.000231
589 0.0003
590 0.000359
591 0.000232
592 0.000233
593 0.000234
594 0.000235
595 0.000261
596 0.000235
597 0.000236
598 0.000268
599 0.000236
600 0.000237
601 0.00027
602 0.000252
603 0.000239
604 0.000256
605 0.000239
606 0.000239
607 0.00024
608 0.000327
609 0.000241
610 0.000241
611 0.000243
612 0.000243
613 0.000319
614 0.000244
615 0.000244
616 0.000244
617 0.000342
618 0.000245
619 0.000245
620 0.000246
621 0.000246
622 0.000247
623 0.000411
624 0.000247
625 0.000275
626 0.000249
627 0.000249
628 0.000249
629 0.000407
630 0.000262
631 0.000277
632 0.000319
633 0.000252
634 0.000252
635 0.000253
636 0.000254
637 0.000289
638 0.000254
639 0.000282
640 0.00028
641 0.000256
642 0.000276
643 0.000256
644 0.000257
645 0.000293
646 0.000277
647 0.000258
648 0.000263
649 0.000259
650 0.000287
651 0.000259
652 0.000437
653 0.000261
654 0.000261
655 0.000297
656 0.000334
657 0.000263
658 0.000265
659 0.000264
660 0.000259
661 0.000265
662 0.00026
663 0.000278
664 0.000261
665 0.000262
666 0.000262
667 0.000263
668 0.000263
669 0.000278
670 0.000264
671 0.000264
672 0.000265
673 0.000292
674 0.000324
675 0.000283
676 0.000271
677 0.000267
678 0.000267
679 0.000315
680 0.00027
681 0.000269
682 0.00027
683 0.00027
684 0.000271
685 0.000289
686 0.000272
687 0.000272
688 0.000271
689 0.000305
690 0.000274
691 0.000275
692 0.000301
693 0.000275
694 0.000275
695 0.000276
696 0.000371
697 0.000311
698 0.000277
699 0.000277
700 0.000278
701 0.000296
702 0.000296
703 0.000279
704 0.00031
705 0.000308
706 0.000349
707 0.000283
708 0.000308
709 0.000289
710 0.000434
711 0.000426
712 0.000284
713 0.000284
714 0.000334
715 0.00029
716 0.000285
717 0.000295
718 0.000286
719 0.000312
720 0.000287
721 0.000288
722 0.000296
723 0.000293
724 0.000289
725 0.00029
726 0.000297
727 0.000312
728 0.000292
729 0.000291
730 0.000319
731 0.000297
732 0.000298
733 0.000307
734 0.000293
735 0.000294
736 0.000293
737 0.000339
738 0.000296
739 0.000303
740 0.000297
741 0.000297
742 0.000299
743 0.000297
744 0.000298
745 0.000306
746 0.000298
747 0.0003
748 0.000326
749 0.0003
750 0.0003
751 0.000319
752 0.000302
753 0.000303
754 0.000303
755 0.00032
756 0.000358
757 0.000313
758 0.000304
759 0.000305
760 0.000332
761 0.000325
762 0.000306
763 0.000307
764 0.000307
765 0.000307
766 0.000491
767 0.000308
768 0.000336
769 0.000335
770 0.000357
771 0.000312
772 0.00031
773 0.000312
774 0.000316
775 0.000347
776 0.000313
777 0.000348
778 0.000313
779 0.000378
780 0.000338
781 0.000342
782 0.000316
783 0.000316
784 0.000315
785 0.000326
786 0.000318
787 0.000418
788 0.00035
789 0.000487
790 0.000321
791 0.000334
792 0.000321
793 0.000338
794 0.000372
795 0.000349
796 0.000323
797 0.000323
798 0.000386
799 0.000324
800 0.000419
801 0.000326
802 0.000367
803 0.000537
804 0.000366
805 0.000328
806 0.000328
807 0.000349
808 0.000355
809 0.000329
810 0.00033
811 0.00033
812 0.000331
813 0.000331
814 0.000331
815 0.000331
816 0.000352
817 0.000369
818 0.000334
819 0.000334
820 0.000362
821 0.000356
822 0.000336
823 0.000337
824 0.000349
825 0.000357
826 0.000364
827 0.000337
828 0.000338
829 0.000339
830 0.00034
831 0.00034
832 0.000395
833 0.000367
834 0.000486
835 0.000342
836 0.000342
837 0.00037
838 0.000343
839 0.000345
840 0.000345
841 0.000345
842 0.000346
843 0.000418
844 0.000347
845 0.000347
846 0.000387
847 0.000417
848 0.000347
849 0.00035
850 0.000363
851 0.000414
852 0.000397
853 0.000356
854 0.000378
855 0.000352
856 0.000445
857 0.000501
858 0.000375
859 0.000483
860 0.000386
861 0.000382
862 0.000355
863 0.000375
864 0.000506
865 0.000455
866 0.000371
867 0.00042
868 0.000429
869 0.00036
870 0.000408
871 0.000386
872 0.000361
873 0.000433
874 0.000361
875 0.000362
876 0.000363
877 0.000415
878 0.000394
879 0.000364
880 0.000363
881 0.000565
882 0.000367
883 0.000393
884 0.000427
885 0.000392
886 0.000369
887 0.000475
888 0.000431
889 0.000427
890 0.00037
891 0.00037
892 0.00037
893 0.000372
894 0.000372
895 0.000373
896 0.000372
897 0.000374
898 0.000411
899 0.000401
900 0.000398
901 0.000392
902 0.000395
903 0.000377
904 0.000377
905 0.000381
906 0.000382
907 0.000378
908 0.000379
909 0.000407
910 0.000381
911 0.00038
912 0.000379
913 0.000431
914 0.000416
915 0.000383
916 0.000383
917 0.0004
918 0.000384
919 0.000384
920 0.000385
921 0.000391
922 0.000387
923 0.000401
924 0.000414
925 0.000415
926 0.000414
927 0.000389
928 0.000389
929 0.000389
930 0.000391
931 0.000391
932 0.000392
933 0.000394
934 0.000393
935 0.000395
936 0.000394
937 0.000403
938 0.000429
939 0.000476
940 0.000395
941 0.000395
942 0.000396
943 0.000397
944 0.000397
945 0.000399
946 0.000399
947 0.000401
948 0.000413
949 0.000401
950 0.000428
951 0.000402
952 0.000402
953 0.000462
954 0.00043
955 0.000429
956 0.000431
957 0.000405
958 0.000436
959 0.000433
960 0.000447
961 0.000407
962 0.000462
963 0.000434
964 0.000468
965 0.000408
966 0.000581
967 0.000408
968 0.000409
969 0.000439
970 0.000438
971 0.00044
972 0.000413
973 0.00045
974 0.000418
975 0.000414
976 0.000414
977 0.000415
978 0.000416
979 0.000416
980 0.000447
981 0.00042
982 0.000533
983 0.000417
984 0.000418
985 0.000418
986 0.000445
987 0.000446
988 0.00042
989 0.000446
990 0.000478
991 0.000422
992 0.000501
993 0.000422
994 0.000468
995 0.00045
996 0.000451
997 0.000425
998 0.000425
999 0.000425
