0 1e-06
1 1e-06
2 1e-06
3 1e-06
4 1e-06
5 1e-06
6 1e-06
7 1e-06
8 1e-06
9 1e-06
10 1e-06
11 1e-06
12 2e-06
13 2e-06
14 1e-06
15 1e-06
16 2e-06
17 2e-06
18 1e-06
19 1e-06
20 2e-06
21 2e-06
22 2e-06
23 2e-06
24 2e-06
25 2e-06
26 3e-06
27 2e-06
28 2e-06
29 3e-06
30 3e-06
31 3e-06
32 2e-06
33 3e-06
34 3e-06
35 3e-06
36 3e-06
37 3e-06
38 3e-06
39 3e-06
40 3e-06
41 3e-06
42 3e-06
43 4e-06
44 3e-06
45 3e-06
46 5e-06
47 4e-06
48 4e-06
49 4e-06
50 4e-06
51 4e-06
52 5e-06
53 4e-06
54 4e-06
55 5e-06
56 5e-06
57 5e-06
58 4e-06
59 5e-06
60 5e-06
61 5e-06
62 5e-06
63 5e-06
64 5e-06
65 6e-06
66 5e-06
67 6e-06
68 6e-06
69 6e-06
70 6e-06
71 5e-06
72 6e-06
73 6e-06
74 6e-06
75 1.5e-05
76 6e-06
77 6e-06
78 6e-06
79 6e-06
80 6e-06
81 7e-06
82 7e-06
83 7e-06
84 7e-06
85 7e-06
86 7e-06
87 7e-06
88 8e-06
89 8e-06
90 8e-06
91 7e-06
92 8e-06
93 7e-06
94 8e-06
95 8e-06
96 8e-06
97 8e-06
98 8e-06
99 8e-06
100 8e-06
101 9e-06
102 8e-06
103 8e-06
104 8e-06
105 9e-06
106 8e-06
107 9e-06
108 9e-06
109 8e-06
110 9e-06
111 9e-06
112 9e-06
113 9e-06
114 9e-06
115 1e-05
116 9e-06
117 9e-06
118 9e-06
119 9e-06
120 1e-05
121 1e-05
122 9e-06
123 1e-05
124 1e-05
125 1e-05
126 1e-05
127 1e-05
128 1.1e-05
129 1.1e-05
130 1e-05
131 1.1e-05
132 1.1e-05
133 1.1e-05
134 1.1e-05
135 1.1e-05
136 1.1e-05
137 1.1e-05
138 1.2e-05
139 1.2e-05
140 1.2e-05
141 1.2e-05
142 1.1e-05
143 1.2e-05
144 1.1e-05
145 1.2e-05
146 1.2e-05
147 1.2e-05
148 1.2e-05
149 1.2e-05
150 1.3e-05
151 1.3e-05
152 1.2e-05
153 1.3e-05
154 1.2e-05
155 1.3e-05
156 1.3e-05
157 1.3e-05
158 1.3e-05
159 1.3e-05
160 1.4e-05
161 1.3e-05
162 1.4e-05
163 1.8e-05
164 1.4e-05
165 1.4e-05
166 1.4e-05
167 1.4e-05
168 1.4e-05
169 1.4e-05
170 1.4e-05
171 1.4e-05
172 1.4e-05
173 1.4e-05
174 2e-05
175 1.5e-05
176 1.4e-05
177 1.5e-05
178 1.5e-05
179 1.5e-05
180 1.5e-05
181 1.5e-05
182 1.5e-05
183 1.5e-05
184 1.5e-05
185 1.6e-05
186 1.6e-05
187 1.6e-05
188 1.6e-05
189 1.5e-05
190 1.5e-05
191 1.6e-05
192 1.6e-05
193 1.6e-05
194 1.6e-05
195 1.6e-05
196 1.7e-05
197 1.6e-05
198 1.7e-05
199 1.7e-05
200 1.7e-05
201 1.7e-05
202 1.7e-05
203 1.7e-05
204 1.7e-05
205 1.7e-05
206 1.7e-05
207 1.7e-05
208 1.8e-05
209 1.7e-05
210 1.8e-05
211 1.7e-05
212 1.8e-05
213 1.8e-05
214 1.8e-05
215 1.8e-05
216 1.8e-05
217 1.8e-05
218 1.8e-05
219 1.9e-05
220 1.8e-05
221 1.8e-05
222 1.8e-05
223 1.9e-05
224 1.9e-05
225 1.9e-05
226 1.9e-05
227 1.9e-05
228 2e-05
229 1.9e-05
230 1.9e-05
231 2.5e-05
232 2.3e-05
233 2.4e-05
234 2.6e-05
235 2.7e-05
236 2.5e-05
237 2.6e-05
238 2.4e-05
239 2.6e-05
240 2.7e-05
241 2.8e-05
242 2.7e-05
243 2.8e-05
244 2.8e-05
245 2.7e-05
246 2.7e-05
247 2.7e-05
248 2.6e-05
249 2.1e-05
250 2.1e-05
251 2.1e-05
252 2.1e-05
253 2.2e-05
254 2.1e-05
255 2.1e-05
256 2.1e-05
257 2.1e-05
258 2.1e-05
259 2.2e-05
260 2.2e-05
261 2.2e-05
262 2.2e-05
263 2.3e-05
264 2.2e-05
265 2.2e-05
266 2.3e-05
267 2.3e-05
268 2.3e-05
269 2.2e-05
270 2.3e-05
271 2.3e-05
272 2.3e-05
273 2.3e-05
274 2.3e-05
275 2.3e-05
276 2.3e-05
277 2.4e-05
278 2.3e-05
279 2.4e-05
280 2.4e-05
281 2.4e-05
282 2.5e-05
283 2.4e-05
284 2.4e-05
285 2.4e-05
286 2.4e-05
287 2.5e-05
288 3e-05
289 2.5e-05
290 2.4e-05
291 2.5e-05
292 2.5e-05
293 2.5e-05
294 2.6e-05
295 2.6e-05
296 2.5e-05
297 2.6e-05
298 2.6e-05
299 2.5e-05
300 2.6e-05
301 2.6e-05
302 2.6e-05
303 2.6e-05
304 2.6e-05
305 2.6e-05
306 2.6e-05
307 2.6e-05
308 2.7e-05
309 2.6e-05
310 2.7e-05
311 2.7e-05
312 2.7e-05
313 2.7e-05
314 2.7e-05
315 2.7e-05
316 2.9e-05
317 2.8e-05
318 2.8e-05
319 2.7e-05
320 2.7e-05
321 2.8e-05
322 2.8e-05
323 2.8e-05
324 2.9e-05
325 2.8e-05
326 2.8e-05
327 2.9e-05
328 2.8e-05
329 2.8e-05
330 2.8e-05
331 2.9e-05
332 2.9e-05
333 2.9e-05
334 2.9e-05
335 2.9e-05
336 3e-05
337 3e-05
338 3e-05
339 3e-05
340 3e-05
341 3e-05
342 3e-05
343 3e-05
344 3e-05
345 3e-05
346 3e-05
347 3e-05
348 3.1e-05
349 3e-05
350 3e-05
351 3.1e-05
352 3.1e-05
353 3e-05
354 3.1e-05
355 3.1e-05
356 5.7e-05
357 3.1e-05
358 3.1e-05
359 3.1e-05
360 3.2e-05
361 3.2e-05
362 3.2e-05
363 3.2e-05
364 3.1e-05
365 3.2e-05
366 3.2e-05
367 3.2e-05
368 3.3e-05
369 3.2e-05
370 3.3e-05
371 3.2e-05
372 3.3e-05
373 3.3e-05
374 3.3e-05
375 3.3e-05
376 3.3e-05
377 3.3e-05
378 3.4e-05
379 3.4e-05
380 3.3e-05
381 3.3e-05
382 3.4e-05
383 3.4e-05
384 3.4e-05
385 3.4e-05
386 3.4e-05
387 3.4e-05
388 3.3e-05
389 3.4e-05
390 3.4e-05
391 3.5e-05
392 3.4e-05
393 3.5e-05
394 3.4e-05
395 3.6e-05
396 3.5e-05
397 3.5e-05
398 3.5e-05
399 3.5e-05
400 3.5e-05
401 3.6e-05
402 3.5e-05
403 3.6e-05
404 4.3e-05
405 3.6e-05
406 4.1e-05
407 3.6e-05
408 3.6e-05
409 3.7e-05
410 3.7e-05
411 3.6e-05
412 3.7e-05
413 3.6e-05
414 3.6e-05
415 3.7e-05
416 3.7e-05
417 3.7e-05
418 3.7e-05
419 3.7e-05
420 3.7e-05
421 3.8e-05
422 3.8e-05
423 3.8e-05
424 3.8e-05
425 3.8e-05
426 3.8e-05
427 3.8e-05
428 3.8e-05
429 3.8e-05
430 3.8e-05
431 3.8e-05
432 3.8e-05
433 3.8e-05
434 3.9e-05
435 3.8e-05
436 3.9e-05
437 3.9e-05
438 3.9e-05
439 3.9e-05
440 4.4e-05
441 4.7e-05
442 5.2e-05
443 4.9e-05
444 5.5e-05
445 5.2e-05
446 5.3e-05
447 5.4e-05
448 5.4e-05
449 5.2e-05
450 5.2e-05
451 4.1e-05
452 4e-05
453 4.1e-05
454 4e-05
455 4.1e-05
456 4e-05
457 4e-05
458 4e-05
459 4e-05
460 4.1e-05
461 4.1e-05
462 4e-05
463 4.1e-05
464 4.1e-05
465 4.1e-05
466 4.1e-05
467 4.1e-05
468 4.1e-05
469 4.2e-05
470 4.2e-05
471 4.2e-05
472 4.1e-05
473 4.2e-05
474 4.2e-05
475 4.2e-05
476 4.2e-05
477 4.3e-05
478 4.2e-05
479 4.3e-05
480 4.2e-05
481 4.2e-05
482 5.2e-05
483 4e-05
484 4.1e-05
485 4.1e-05
486 4.1e-05
487 4.1e-05
488 4.3e-05
489 4.3e-05
490 4.4e-05
491 4.3e-05
492 4.6e-05
493 4.3e-05
494 4.4e-05
495 4.3e-05
496 4.4e-05
497 4.4e-05
498 4.3e-05
499 4.4e-05
500 4.4e-05
501 4.4e-05
502 4.4e-05
503 4.5e-05
504 4.4e-05
505 4.4e-05
506 4.4e-05
507 4.4e-05
508 4.5e-05
509 4.4e-05
510 4.5e-05
511 4.4e-05
512 4.5e-05
513 4.5e-05
514 4.5e-05
515 4.6e-05
516 4.5e-05
517 4.6e-05
518 4.6e-05
519 4.6e-05
520 4.6e-05
521 4.7e-05
522 4.6e-05
523 4.6e-05
524 4.7e-05
525 4.7e-05
526 4.7e-05
527 4.7e-05
528 4.7e-05
529 4.7e-05
530 4.7e-05
531 4.8e-05
532 4.8e-05
533 4.8e-05
534 4.8e-05
535 4.8e-05
536 4.8e-05
537 4.8e-05
538 4.8e-05
539 4.8e-05
540 4.9e-05
541 4.9e-05
542 4.8e-05
543 4.9e-05
544 4.9e-05
545 4.9e-05
546 4.9e-05
547 4.9e-05
548 5e-05
549 4.9e-05
550 5e-05
551 6.7e-05
552 5e-05
553 5e-05
554 5e-05
555 4.9e-05
556 5e-05
557 5e-05
558 5e-05
559 5.1e-05
560 5e-05
561 5e-05
562 5e-05
563 5.1e-05
564 5.1e-05
565 5.2e-05
566 5.1e-05
567 5.1e-05
568 5.1e-05
569 5.1e-05
570 5.2e-05
571 5.2e-05
572 5.1e-05
573 5.1e-05
574 5.2e-05
575 5.1e-05
576 5.1e-05
577 5.1e-05
578 5.3e-05
579 5.2e-05
580 5.2e-05
581 5.2e-05
582 5.3e-05
583 5.3e-05
584 5.3e-05
585 5.4e-05
586 5.4e-05
587 5.3e-05
588 7.3e-05
589 5.4e-05
590 5.3e-05
591 5.3e-05
592 5.4e-05
593 5.4e-05
594 5.4e-05
595 6.7e-05
596 7.4e-05
597 7.3e-05
598 5.7e-05
599 5.6e-05
600 5.5e-05
601 5.4e-05
602 5.5e-05
603 5.5e-05
604 5.6e-05
605 5.5e-05
606 5.6e-05
607 5.6e-05
608 5.6e-05
609 5.6e-05
610 5.6e-05
611 5.6e-05
612 5.6e-05
613 5.6e-05
614 5.6e-05
615 5.6e-05
616 5.7e-05
617 5.6e-05
618 5.7e-05
619 5.7e-05
620 5.8e-05
621 5.7e-05
622 5.8e-05
623 5.7e-05
624 5.7e-05
625 5.7e-05
626 5.7e-05
627 6.4e-05
628 5.7e-05
629 5.7e-05
630 5.7e-05
631 5.8e-05
632 5.8e-05
633 5.8e-05
634 5.7e-05
635 5.8e-05
636 5.8e-05
637 5.9e-05
638 5.8e-05
639 5.8e-05
640 5.8e-05
641 5.9e-05
642 5.9e-05
643 5.9e-05
644 6e-05
645 5.9e-05
646 5.9e-05
647 6e-05
648 6e-05
649 6e-05
650 6e-05
651 6e-05
652 6e-05
653 6e-05
654 6.1e-05
655 6e-05
656 6.1e-05
657 6.1e-05
658 6.1e-05
659 6.1e-05
660 6.1e-05
661 6.1e-05
662 6.1e-05
663 6.1e-05
664 6.1e-05
665 6.1e-05
666 6.1e-05
667 6.1e-05
668 6.2e-05
669 6.2e-05
670 6.2e-05
671 6.2e-05
672 6.3e-05
673 6.3e-05
674 6.2e-05
675 7e-05
676 6.3e-05
677 6.3e-05
678 6.3e-05
679 6.3e-05
680 6.3e-05
681 6.3e-05
682 6.3e-05
683 6.3e-05
684 6.3e-05
685 6.4e-05
686 7.1e-05
687 6.4e-05
688 6.4e-05
689 6.5e-05
690 6.4e-05
691 6.4e-05
692 6.4e-05
693 6.8e-05
694 6.5e-05
695 6.5e-05
696 6.5e-05
697 6.5e-05
698 6.5e-05
699 6.4e-05
700 6.5e-05
701 6.6e-05
702 6.5e-05
703 6.5e-05
704 6.5e-05
705 6.6e-05
706 6.6e-05
707 6.6e-05
708 6.6e-05
709 7.7e-05
710 8.6e-05
711 8.6e-05
712 8.9e-05
713 9e-05
714 9e-05
715 8.9e-05
716 6.8e-05
717 6.7e-05
718 6.7e-05
719 6.7e-05
720 6.7e-05
721 6.7e-05
722 6.8e-05
723 6.8e-05
724 6.8e-05
725 6.8e-05
726 6.8e-05
727 6.8e-05
728 6.8e-05
729 6.8e-05
730 6.8e-05
731 6.8e-05
732 6.8e-05
733 6.9e-05
734 6.8e-05
735 6.9e-05
736 6.9e-05
737 6.9e-05
738 6.9e-05
739 6.9e-05
740 7e-05
741 7e-05
742 6.9e-05
743 7e-05
744 6.9e-05
745 7e-05
746 7e-05
747 7e-05
748 7e-05
749 7e-05
750 7.1e-05
751 6.9e-05
752 7.7e-05
753 7e-05
754 7.1e-05
755 7.1e-05
756 7.1e-05
757 7.1e-05
758 7.2e-05
759 7e-05
760 7e-05
761 7.1e-05
762 7.1e-05
763 7.1e-05
764 7.1e-05
765 7.1e-05
766 7.1e-05
767 7.1e-05
768 7.1e-05
769 7.2e-05
770 7.2e-05
771 7.2e-05
772 7.2e-05
773 7.2e-05
774 7.3e-05
775 7.3e-05
776 7.3e-05
777 7.6e-05
778 7.3e-05
779 7.2e-05
780 7.3e-05
781 7.3e-05
782 7.3e-05
783 7.3e-05
784 7.3e-05
785 7.3e-05
786 7.4e-05
787 7.4e-05
788 7.4e-05
789 7.5e-05
790 7.4e-05
791 8.1e-05
792 7.5e-05
793 7.5e-05
794 7.5e-05
795 7.5e-05
796 7.4e-05
797 7.5e-05
798 7.5e-05
799 7.5e-05
800 7.5e-05
801 7.6e-05
802 7.5e-05
803 7.5e-05
804 7.6e-05
805 7.6e-05
806 7.6e-05
807 7.7e-05
808 7.6e-05
809 7.6e-05
810 7.6e-05
811 7.6e-05
812 9.9e-05
813 0.0001
814 9.9e-05
815 0.000103
816 0.000104
817 0.000103
818 7.9e-05
819 7.8e-05
820 7.8e-05
821 9.1e-05
822 7.8e-05
823 7.8e-05
824 8.1e-05
825 7.8e-05
826 7.8e-05
827 7.8e-05
828 7.8e-05
829 7.8e-05
830 7.8e-05
831 7.8e-05
832 7.9e-05
833 7.9e-05
834 8e-05
835 7.9e-05
836 7.9e-05
837 7.9e-05
838 7.9e-05
839 8e-05
840 7.9e-05
841 7.9e-05
842 7.9e-05
843 7.9e-05
844 8e-05
845 8e-05
846 7.9e-05
847 8e-05
848 7.9e-05
849 8e-05
850 8e-05
851 8.1e-05
852 8.1e-05
853 8.1e-05
854 8.1e-05
855 8.1e-05
856 8.1e-05
857 8e-05
858 7.6e-05
859 7.7e-05
860 7.7e-05
861 8.1e-05
862 8.2e-05
863 7.7e-05
864 7.7e-05
865 7.8e-05
866 7.8e-05
867 7.8e-05
868 7.8e-05
869 7.8e-05
870 7.8e-05
871 8.2e-05
872 8.2e-05
873 8.2e-05
874 8.5e-05
875 8.3e-05
876 8.2e-05
877 8.3e-05
878 8.2e-05
879 8.2e-05
880 8.3e-05
881 8.3e-05
882 8.4e-05
883 8.3e-05
884 9e-05
885 8.4e-05
886 8.4e-05
887 8.4e-05
888 8.4e-05
889 8.8e-05
890 8.4e-05
891 8.4e-05
892 8.4e-05
893 8.4e-05
894 8.4e-05
895 8.7e-05
896 0.000119
897 0.000116
898 0.000112
899 9.8e-05
900 8.5e-05
901 8.6e-05
902 8.5e-05
903 0.000114
904 0.000116
905 0.000112
906 0.000102
907 0.00012
908 0.000108
909 0.000107
910 0.000105
911 8.6e-05
912 8.7e-05
913 9.2e-05
914 8.7e-05
915 8.7e-05
916 8.6e-05
917 8.7e-05
918 8.7e-05
919 8.7e-05
920 8.8e-05
921 8.7e-05
922 8.7e-05
923 8.7e-05
924 8.7e-05
925 8.8e-05
926 9.3e-05
927 8.8e-05
928 8.8e-05
929 8.9e-05
930 8.8e-05
931 8.8e-05
932 8.8e-05
933 8.8e-05
934 8.9e-05
935 8.9e-05
936 8.9e-05
937 8.8e-05
938 8.9e-05
939 8.9e-05
940 9e-05
941 8.9e-05
942 8.9e-05
943 8.9e-05
944 8.9e-05
945 9e-05
946 9e-05
947 9.4e-05
948 9e-05
949 9e-05
950 9e-05
951 9e-05
952 0.000123
953 9.5e-05
954 9.1e-05
955 9e-05
956 0.000103
957 9.7e-05
958 0.00011
959 0.000116
960 0.000102
961 0.000101
962 9.2e-05
963 9.2e-05
964 9.2e-05
965 0.000128
966 9.2e-05
967 9.2e-05
968 9.1e-05
969 9.1e-05
970 9.2e-05
971 9.1e-05
972 9.2e-05
973 9.2e-05
974 9.3e-05
975 9.4e-05
976 9.3e-05
977 9.3e-05
978 9.2e-05
979 9.2e-05
980 9.8e-05
981 0.000122
982 0.000116
983 0.00012
984 0.000126
985 0.000124
986 0.000126
987 0.000124
988 0.000105
989 9.6e-05
990 0.000115
991 9.5e-05
992 9.6e-05
993 9.5e-05
994 9.5e-05
995 9.6e-05
996 9.8e-05
997 0.00012
998 9.8e-05
999 9.8e-05
