0 2e-06
1 2e-06
2 4e-06
3 6e-06
4 8e-06
5 1.1e-05
6 1.4e-05
7 1.6e-05
8 1.9e-05
9 2.3e-05
10 2.6e-05
11 2.9e-05
12 3.2e-05
13 3.5e-05
14 3.7e-05
15 4e-05
16 4.2e-05
17 4.6e-05
18 5.1e-05
19 6.5e-05
20 6.4e-05
21 6.2e-05
22 6.9e-05
23 6.8e-05
24 7.1e-05
25 7.4e-05
26 7.7e-05
27 7.9e-05
28 8.2e-05
29 8.5e-05
30 8.8e-05
31 9.1e-05
32 9.4e-05
33 9.9e-05
34 0.000104
35 0.000109
36 0.000121
37 0.000117
38 0.00012
39 0.000124
40 0.000128
41 0.000132
42 0.000144
43 0.000139
44 0.000142
45 0.000145
46 0.000148
47 0.000152
48 0.000155
49 0.000158
50 0.00016
51 0.000163
52 0.000168
53 0.00017
54 0.000174
55 0.000177
56 0.000179
57 0.000183
58 0.000184
59 0.000188
60 0.00019
61 0.000194
62 0.000195
63 0.000199
64 0.000202
65 0.000221
66 0.000217
67 0.000217
68 0.00022
69 0.000227
70 0.00023
71 0.000253
72 0.000268
73 0.000248
74 0.000251
75 0.000255
76 0.000292
77 0.000264
78 0.000266
79 0.00027
80 0.000276
81 0.00028
82 0.00029
83 0.000286
84 0.000288
85 0.000294
86 0.000297
87 0.000299
88 0.000311
89 0.000298
90 0.000303
91 0.000306
92 0.000311
93 0.000313
94 0.000318
95 0.000328
96 0.000333
97 0.000327
98 0.000337
99 0.000355
100 0.000336
101 0.000336
102 0.00034
103 0.000345
104 0.000348
105 0.000348
106 0.000353
107 0.000357
108 0.00038
109 0.000363
110 0.000365
111 0.000376
112 0.000371
113 0.000375
114 0.000376
115 0.000381
116 0.000383
117 0.000386
118 0.000389
119 0.000392
120 0.000392
121 0.000398
122 0.000438
123 0.000418
124 0.000422
125 0.000426
126 0.000438
127 0.000431
128 0.000435
129 0.000441
130 0.000434
131 0.000437
132 0.000441
133 0.000447
134 0.000469
135 0.000458
136 0.000462
137 0.000464
138 0.00047
139 0.000473
140 0.000513
141 0.000487
142 0.000488
143 0.000512
144 0.000495
145 0.00051
146 0.000505
147 0.000506
148 0.000521
149 0.000514
150 0.000522
151 0.000523
152 0.000525
153 0.000533
154 0.000534
155 0.00054
156 0.000568
157 0.000547
158 0.000552
159 0.000557
160 0.000559
161 0.00059
162 0.000563
163 0.000581
164 0.000628
165 0.000605
166 0.000695
167 0.000725
168 0.000734
169 0.000726
170 0.000917
171 0.000694
172 0.000665
173 0.000609
174 0.000611
175 0.000618
176 0.000625
177 0.000621
178 0.000625
179 0.000629
180 0.000631
181 0.000639
182 0.000689
183 0.000658
184 0.00072
185 0.000702
186 0.000701
187 0.000724
188 0.000692
189 0.000699
190 0.000664
191 0.00067
192 0.000681
193 0.000677
194 0.000745
195 0.000694
196 0.000691
197 0.000702
198 0.000693
199 0.000695
200 0.000698
201 0.000702
202 0.000714
203 0.00074
204 0.000716
205 0.000714
206 0.000772
207 0.000799
208 0.000726
209 0.000728
210 0.000729
211 0.000743
212 0.000866
213 0.000839
214 0.000752
215 0.000745
216 0.000753
217 0.000799
218 0.000757
219 0.000756
220 0.000764
221 0.000767
222 0.000773
223 0.000768
224 0.00096
225 0.000988
226 0.001003
227 0.001048
228 0.001156
229 0.001086
230 0.001158
231 0.001165
232 0.000963
233 0.000844
234 0.000862
235 0.001011
236 0.000854
237 0.000861
238 0.000921
239 0.000867
240 0.000875
241 0.001185
242 0.001236
243 0.001217
244 0.001221
245 0.001236
246 0.001226
247 0.001234
248 0.001019
249 0.000895
250 0.000898
251 0.000918
252 0.000864
253 0.000867
254 0.001015
255 0.001055
256 0.000877
257 0.000883
258 0.000894
259 0.000891
260 0.000959
261 0.000907
262 0.000942
263 0.000915
264 0.000922
265 0.000927
266 0.000984
267 0.000937
268 0.000942
269 0.001122
270 0.000988
271 0.000963
272 0.000961
273 0.000978
274 0.000973
275 0.000976
276 0.00098
277 0.001049
278 0.000991
279 0.000995
280 0.001005
281 0.001055
282 0.001009
283 0.001014
284 0.001018
285 0.001033
286 0.001048
287 0.001035
288 0.001033
289 0.001041
290 0.001071
291 0.00104
292 0.001049
293 0.00107
294 0.001061
295 0.001078
296 0.001071
297 0.001095
298 0.001091
299 0.001081
300 0.00109
301 0.001236
302 0.001095
303 0.001102
304 0.001102
305 0.001107
306 0.001114
307 0.001112
308 0.001117
309 0.001225
310 0.001197
311 0.001189
312 0.001223
313 0.001233
314 0.0012
315 0.001243
316 0.0013
317 0.001141
318 0.001174
319 0.001151
320 0.001172
321 0.001169
322 0.001169
323 0.001613
324 0.00123
325 0.001186
326 0.0012
327 0.001194
328 0.001197
329 0.001205
330 0.001218
331 0.00121
332 0.001309
333 0.001216
334 0.001247
335 0.001229
336 0.001225
337 0.001306
338 0.001238
339 0.001239
340 0.001233
341 0.001252
342 0.001253
343 0.001256
344 0.001275
345 0.00126
346 0.001294
347 0.001268
348 0.00127
349 0.001277
350 0.001275
351 0.001325
352 0.00129
353 0.001291
354 0.001295
355 0.001296
356 0.001302
357 0.001336
358 0.001339
359 0.001312
360 0.001313
361 0.001319
362 0.001326
363 0.001323
364 0.001371
365 0.00134
366 0.001336
367 0.00134
368 0.001402
369 0.001346
370 0.001422
371 0.001465
372 0.001359
373 0.001368
374 0.001368
375 0.001373
376 0.00141
377 0.001379
378 0.001424
379 0.00138
380 0.001395
381 0.001402
382 0.001438
383 0.001405
384 0.001472
385 0.001441
386 0.001414
387 0.001429
388 0.001488
389 0.001452
390 0.001454
391 0.001452
392 0.001432
393 0.001434
394 0.001502
395 0.001463
396 0.001467
397 0.001482
398 0.001449
399 0.001461
400 0.00153
401 0.001459
402 0.001464
403 0.001461
404 0.001624
405 0.001485
406 0.001466
407 0.001497
408 0.00148
409 0.001525
410 0.00149
411 0.001593
412 0.001495
413 0.001498
414 0.001503
415 0.001499
416 0.001527
417 0.001514
418 0.001583
419 0.001519
420 0.001523
421 0.00152
422 0.001569
423 0.001555
424 0.001533
425 0.001569
426 0.001549
427 0.001621
428 0.001571
429 0.001551
430 0.001558
431 0.001669
432 0.001595
433 0.001566
434 0.001573
435 0.001572
436 0.00158
437 0.001585
438 0.001655
439 0.001587
440 0.0016
441 0.001594
442 0.001629
443 0.001616
444 0.001601
445 0.0016
446 0.001633
447 0.00162
448 0.001752
449 0.00202
450 0.001706
451 0.001753
452 0.001715
453 0.002011
454 0.002299
455 0.001904
456 0.001689
457 0.001672
458 0.001715
459 0.001691
460 0.001653
461 0.001673
462 0.001802
463 0.001791
464 0.001702
465 0.001698
466 0.001673
467 0.001717
468 0.001701
469 0.001689
470 0.001797
471 0.001693
472 0.001763
473 0.001731
474 0.001708
475 0.001735
476 0.00171
477 0.001782
478 0.00174
479 0.001901
480 0.001878
481 0.001752
482 0.001886
483 0.001763
484 0.001772
485 0.001766
486 0.00195
487 0.001841
488 0.001857
489 0.001802
490 0.001821
491 0.001876
492 0.001789
493 0.001786
494 0.001821
495 0.001783
496 0.002124
497 0.001799
498 0.001803
499 0.001859
500 0.001858
501 0.001826
502 0.001905
503 0.001807
504 0.0022
505 0.001924
506 0.001838
507 0.001847
508 0.001845
509 0.001894
510 0.001952
511 0.002046
512 0.001942
513 0.001852
514 0.001888
515 0.001866
516 0.001913
517 0.001938
518 0.00198
519 0.002204
520 0.002304
521 0.003037
522 0.003049
523 0.002018
524 0.00194
525 0.002225
526 0.002027
527 0.002032
528 0.00202
529 0.001951
530 0.002066
531 0.00208
532 0.002273
533 0.002033
534 0.002001
535 0.002022
536 0.002119
537 0.002092
538 0.002209
539 0.00225
540 0.002045
541 0.002116
542 0.002079
543 0.002075
544 0.002021
545 0.002187
546 0.002253
547 0.002135
548 0.002083
549 0.002121
550 0.002053
551 0.002109
552 0.002071
553 0.002292
554 0.002104
555 0.002083
556 0.002078
557 0.002167
558 0.002151
559 0.002201
560 0.002268
561 0.002133
562 0.002175
563 0.002111
564 0.002114
565 0.002258
566 0.002208
567 0.002159
568 0.002261
569 0.002151
570 0.002219
571 0.002171
572 0.002251
573 0.002422
574 0.002179
575 0.002238
576 0.002265
577 0.002195
578 0.002251
579 0.002211
580 0.002441
581 0.002201
582 0.002207
583 0.002292
584 0.002325
585 0.002337
586 0.002454
587 0.002244
588 0.002227
589 0.002487
590 0.002248
591 0.002298
592 0.002359
593 0.002236
594 0.00233
595 0.002229
596 0.002242
597 0.00235
598 0.002318
599 0.002276
600 0.00231
601 0.002266
602 0.002307
603 0.002295
604 0.002312
605 0.00238
606 0.002348
607 0.002319
608 0.002413
609 0.002333
610 0.002607
611 0.002615
612 0.002349
613 0.002352
614 0.002401
615 0.002417
616 0.002351
617 0.00249
618 0.002523
619 0.0025
620 0.002359
621 0.002376
622 0.002461
623 0.002566
624 0.002409
625 0.002387
626 0.002497
627 0.002431
628 0.00245
629 0.002627
630 0.002418
631 0.002402
632 0.002443
633 0.002466
634 0.002518
635 0.002761
636 0.002515
637 0.002434
638 0.002477
639 0.002586
640 0.002436
641 0.002801
642 0.002569
643 0.002463
644 0.002526
645 0.002514
646 0.002657
647 0.002689
648 0.002469
649 0.002576
650 0.002499
651 0.002574
652 0.002784
653 0.002498
654 0.002511
655 0.002535
656 0.0025
657 0.002515
658 0.002849
659 0.002624
660 0.002557
661 0.002543
662 0.002646
663 0.002662
664 0.002744
665 0.002644
666 0.002578
667 0.002545
668 0.002624
669 0.00288
670 0.002569
671 0.00256
672 0.002634
673 0.002636
674 0.002638
675 0.0029
676 0.002613
677 0.002587
678 0.002712
679 0.002704
680 0.002931
681 0.002696
682 0.00266
683 0.002616
684 0.002768
685 0.00274
686 0.002851
687 0.002747
688 0.002636
689 0.002646
690 0.002665
691 0.002967
692 0.002653
693 0.002721
694 0.002695
695 0.002765
696 0.003039
697 0.002699
698 0.002695
699 0.002694
700 0.002748
701 0.002839
702 0.003048
703 0.002824
704 0.002723
705 0.002813
706 0.002747
707 0.002981
708 0.002805
709 0.002716
710 0.002852
711 0.003074
712 0.003009
713 0.002749
714 0.002823
715 0.002784
716 0.002766
717 0.003423
718 0.002746
719 0.002823
720 0.002786
721 0.002815
722 0.003182
723 0.002911
724 0.002779
725 0.002787
726 0.002857
727 0.003399
728 0.002782
729 0.002879
730 0.002797
731 0.002891
732 0.003297
733 0.002819
734 0.002818
735 0.002963
736 0.002887
737 0.003236
738 0.002893
739 0.00291
740 0.002858
741 0.002959
742 0.003258
743 0.002972
744 0.002858
745 0.002842
746 0.002993
747 0.003351
748 0.002881
749 0.002933
750 0.002903
751 0.002935
752 0.003537
753 0.002879
754 0.002954
755 0.003043
756 0.003008
757 0.003166
758 0.002942
759 0.002975
760 0.002998
761 0.003036
762 0.003188
763 0.003067
764 0.002972
765 0.003027
766 0.003265
767 0.0031
768 0.002906
769 0.003
770 0.003059
771 0.003412
772 0.00298
773 0.003024
774 0.003035
775 0.003038
776 0.003563
777 0.003043
778 0.002997
779 0.00309
780 0.003227
781 0.003303
782 0.003072
783 0.003111
784 0.003115
785 0.003674
786 0.003097
787 0.003025
788 0.00304
789 0.00312
790 0.003556
791 0.003047
792 0.003085
793 0.003145
794 0.003597
795 0.003135
796 0.003069
797 0.003134
798 0.003246
799 0.003565
800 0.003136
801 0.003093
802 0.003109
803 0.003863
804 0.003766
805 0.00312
806 0.003187
807 0.00326
808 0.00338
809 0.003128
810 0.003199
811 0.003256
812 0.003514
813 0.003214
814 0.003167
815 0.003193
816 0.003296
817 0.003344
818 0.003156
819 0.003144
820 0.003207
821 0.003445
822 0.003163
823 0.00327
824 0.003243
825 0.00333
826 0.003429
827 0.003179
828 0.003175
829 0.003306
830 0.003524
831 0.00324
832 0.003238
833 0.00315
834 0.003452
835 0.003235
836 0.003266
837 0.003206
838 0.003256
839 0.003563
840 0.003193
841 0.003298
842 0.003289
843 0.003464
844 0.003268
845 0.003249
846 0.00329
847 0.003418
848 0.003518
849 0.003243
850 0.00324
851 0.003264
852 0.003609
853 0.003298
854 0.003331
855 0.003307
856 0.003426
857 0.00413
858 0.004129
859 0.003393
860 0.003816
861 0.003428
862 0.003316
863 0.003509
864 0.003506
865 0.003395
866 0.00332
867 0.003316
868 0.003448
869 0.003635
870 0.003381
871 0.003303
872 0.003405
873 0.00373
874 0.003361
875 0.003438
876 0.003427
877 0.003662
878 0.00335
879 0.003354
880 0.003453
881 0.003492
882 0.003405
883 0.003459
884 0.003394
885 0.003545
886 0.003617
887 0.003392
888 0.003385
889 0.003458
890 0.003663
891 0.003403
892 0.003562
893 0.003442
894 0.003759
895 0.003503
896 0.003412
897 0.003537
898 0.00381
899 0.00343
900 0.003608
901 0.003585
902 0.003846
903 0.003508
904 0.003501
905 0.003543
906 0.003728
907 0.003461
908 0.003516
909 0.003884
910 0.003722
911 0.003579
912 0.003461
913 0.003538
914 0.003634
915 0.003495
916 0.003603
917 0.003607
918 0.003522
919 0.003502
920 0.003561
921 0.003611
922 0.003508
923 0.003556
924 0.003495
925 0.003575
926 0.003523
927 0.003531
928 0.003624
929 0.003545
930 0.003603
931 0.003512
932 0.003544
933 0.00372
934 0.003552
935 0.003692
936 0.003553
937 0.003595
938 0.003639
939 0.003556
940 0.003579
941 0.00355
942 0.003628
943 0.00359
944 0.003759
945 0.003583
946 0.003583
947 0.003836
948 0.003614
949 0.003728
950 0.003695
951 0.003852
952 0.003624
953 0.00367
954 0.003675
955 0.003907
956 0.003803
957 0.003619
958 0.003731
959 0.003975
960 0.003791
961 0.003805
962 0.003754
963 0.003825
964 0.003628
965 0.00374
966 0.003731
967 0.003787
968 0.003806
969 0.003702
970 0.003891
971 0.003901
972 0.00386
973 0.003755
974 0.003905
975 0.003732
976 0.003832
977 0.003832
978 0.0039
979 0.003707
980 0.003797
981 0.003729
982 0.00395
983 0.003756
984 0.003722
985 0.003837
986 0.004036
987 0.003859
988 0.003739
989 0.004011
990 0.003789
991 0.003814
992 0.003821
993 0.003942
994 0.003801
995 0.003794
996 0.003804
997 0.004031
998 0.003832
999 0.00394
